crossing time (s)	slope (V/s)	crossing number
281474976710655.000000	61.172272	422	0.000000
281474976710655.000000	103.821411	423	0.000000
281474976710655.000000	98.234238	424	0.000000
281474976710655.000000	82.610718	425	0.000000
281474976710655.000000	81.397530	426	0.000000
281474976710655.000000	67.968544	427	0.000000
281474976710655.000000	46.264668	428	0.000000
281474976710655.000000	60.387421	429	0.000000
281474976710655.000000	48.810619	430	0.000000
281474976710655.000000	35.058800	431	0.000000
281474976710655.000000	37.630108	432	0.000000
