crossing time (s)	slope (V/s)	crossing number
281474976710655.000000	-119.087219	1809	0.000000
281474976710655.000000	-105.686195	1810	0.000000
281474976710655.000000	-47.806114	1811	0.000000
281474976710655.000000	-68.469749	1812	0.000000
281474976710655.000000	-64.390640	1813	0.000000
281474976710655.000000	-51.260628	1814	0.000000
281474976710655.000000	-36.355858	1815	0.000000
281474976710655.000000	-33.514347	1816	0.000000
281474976710655.000000	-36.679050	1817	0.000000
281474976710655.000000	-27.346031	1818	0.000000
281474976710655.000000	-23.149137	1819	0.000000
281474976710655.000000	-20.143185	1820	0.000000
281474976710655.000000	-18.115379	1821	0.000000
281474976710655.000000	-16.901869	1822	0.000000
