crossing time (s)	slope (V/s)	crossing number
281474976710655.000000	1.588170	1512	0.000000
281474976710655.000000	1.048674	1513	0.000000
281474976710655.000000	1.556503	1514	0.000000
281474976710655.000000	5.347622	1515	0.000000
281474976710655.000000	6.051689	1516	0.000000
281474976710655.000000	11.296185	1517	0.000000
281474976710655.000000	8.935861	1518	0.000000
281474976710655.000000	5.796561	1519	0.000000
281474976710655.000000	4.865918	1520	0.000000
281474976710655.000000	2.498766	1521	0.000000
281474976710655.000000	2.230805	1522	0.000000
