crossing time (s)	slope (V/s)	crossing number
281474976710655.000000	Inf	501	0.000000
281474976710655.000000	104.418503	502	0.000000
281474976710655.000000	97.391533	503	0.000000
281474976710655.000000	85.857590	504	0.000000
281474976710655.000000	87.123444	505	0.000000
281474976710655.000000	53.689518	506	0.000000
281474976710655.000000	48.006756	507	0.000000
281474976710655.000000	53.895668	508	0.000000
281474976710655.000000	52.498486	509	0.000000
281474976710655.000000	45.486553	510	0.000000
281474976710655.000000	33.980900	511	0.000000
281474976710655.000000	41.585274	512	0.000000
281474976710655.000000	35.520267	513	0.000000
