crossing time (s)	slope (V/s)	crossing number
281474976710655.000000	Inf	2506	0.000000
281474976710655.000000	Inf	2507	0.000000
281474976710655.000000	-57.918365	2508	0.000000
281474976710655.000000	-110.500046	2509	0.000000
281474976710655.000000	-111.757179	2510	0.000000
281474976710655.000000	Inf	2511	0.000000
281474976710655.000000	-107.152878	2512	0.000000
281474976710655.000000	-200.403015	2513	0.000000
281474976710655.000000	-189.235229	2514	0.000000
281474976710655.000000	-95.174667	2515	0.000000
