crossing time (s)	slope (V/s)	crossing number
281474976710655.000000	Inf	1084	0.000000
281474976710655.000000	Inf	1085	0.000000
281474976710655.000000	104.658157	1086	0.000000
281474976710655.000000	55.653297	1087	0.000000
281474976710655.000000	110.287453	1088	0.000000
281474976710655.000000	101.706627	1089	0.000000
281474976710655.000000	112.537148	1090	0.000000
281474976710655.000000	50.664165	1091	0.000000
281474976710655.000000	92.318481	1092	0.000000
281474976710655.000000	199.382919	1093	0.000000
