num crossings	time (s)	maj axis (mm)	min axis (mm)	theta (rad )	slope (V/s)
185	869.853995	96.171389	-2.090296	-0.519173	126.472817
187	871.934594	95.374774	-2.021115	-0.520335	126.918185
189	874.012026	94.706028	-1.988206	-0.522335	134.250368
191	876.093620	93.991398	-1.954944	-0.520431	114.068976
193	878.172646	93.448455	-1.942070	-0.518880	129.060548
195	880.253102	92.546163	-1.923061	-0.520025	119.663340
197	882.334040	91.990975	-1.882770	-0.522155	123.035112
199	884.414463	91.384839	-1.876600	-0.522152	113.840056
201	886.494330	90.728823	-1.814508	-0.523228	115.767629
203	888.572966	89.978602	-1.817103	-0.524878	120.358825
205	890.652921	89.430723	-1.762916	-0.525014	111.300554
207	892.732992	88.765685	-1.746984	-0.526378	111.364000
209	894.811835	88.271295	-1.715584	-0.526331	111.301133
211	896.890555	87.605304	-1.671145	-0.526064	108.225301
213	898.969827	86.923294	-1.664908	-0.525877	105.030482
215	901.049072	86.341931	-1.642697	-0.524901	100.587383
217	903.126978	85.703515	-1.633019	-0.524412	101.766524
219	905.205947	85.025913	-1.589339	-0.523538	103.788481
221	907.285686	84.281326	-1.579062	-0.526483	99.979643
223	909.365659	83.663680	-1.581238	-0.527931	104.160230
225	911.445299	82.947492	-1.547617	-0.529986	98.786328
227	913.525636	82.339650	-1.513322	-0.531053	95.900188
229	915.605622	81.742992	-1.485677	-0.532414	94.519402
231	917.686179	81.046691	-1.474995	-0.531913	92.331687
233	919.765117	80.419086	-1.431267	-0.533239	93.159678
235	921.844649	79.905657	-1.436683	-0.533136	93.000857
237	923.923637	79.143275	-1.389499	-0.533607	91.768762
239	926.004008	78.637256	-1.375560	-0.534714	88.487567
241	928.083261	78.031432	-1.348971	-0.534434	90.212974
243	930.162183	77.389885	-1.321417	-0.534315	84.280435
245	932.241726	76.784689	-1.288782	-0.534503	84.816408
247	934.320306	76.128508	-1.264490	-0.534703	83.862969
249	936.399800	75.558567	-1.257532	-0.535634	77.921425
251	938.478477	75.065574	-1.198644	-0.536290	81.588216
253	940.556886	74.304983	-1.185782	-0.536355	78.123307
255	942.634999	73.705243	-1.142146	-0.537542	79.572226
257	944.713337	73.115454	-1.134672	-0.537500	74.239962
259	946.791872	72.448182	-1.084610	-0.538134	74.432798
261	948.871182	71.878019	-1.073833	-0.536826	76.649864
263	950.950504	71.295021	-1.042221	-0.538114	75.031792
265	953.029429	70.651581	-1.012786	-0.537267	71.802494
267	955.109427	70.086166	-1.012061	-0.537839	73.566402
269	957.189420	69.468254	-0.976669	-0.538762	68.524092
271	959.269778	68.981428	-0.974948	-0.538654	69.346092
273	961.349169	68.468512	-0.945561	-0.539357	66.407925
275	963.428537	67.883441	-0.916675	-0.539844	66.774364
277	965.508144	67.395463	-0.890834	-0.541523	66.488533
279	967.585887	66.730730	-0.840225	-0.540299	65.714981
281	969.664974	66.259939	-0.835794	-0.540616	63.385889
283	971.743707	65.677802	-0.817442	-0.541485	63.890179
285	973.822020	65.086152	-0.792823	-0.540239	60.949038
287	975.900287	64.523133	-0.783955	-0.539966	59.984118
289	977.978680	63.943210	-0.750474	-0.539527	59.395121
291	980.057656	63.368221	-0.721673	-0.539735	60.815479
293	982.136592	62.704472	-0.703310	-0.540182	58.451956
295	984.215929	62.151851	-0.695344	-0.541884	57.433672
297	986.295723	61.654466	-0.676417	-0.543206	56.806910
299	988.375705	61.009010	-0.631859	-0.543850	56.006956
301	990.455420	60.494497	-0.619044	-0.544451	52.632305
303	992.535138	59.951419	-0.599862	-0.546003	52.101303
305	994.614386	59.518312	-0.583875	-0.546687	51.916263
307	996.693590	58.989215	-0.529101	-0.545643	50.742130
309	998.772658	58.438914	-0.504841	-0.547063	51.448523
311	1000.851370	57.888855	-0.492877	-0.546299	49.285570
313	1002.930539	57.389509	-0.476850	-0.547063	48.285754
315	1005.008888	56.870449	-0.460374	-0.547005	48.131970
317	1007.087381	56.331012	-0.432405	-0.547298	46.037311
319	1009.165836	55.908476	-0.418549	-0.548231	46.893718
321	1011.243780	55.340474	-0.420323	-0.548475	45.512295
323	1013.322343	54.852385	-0.364947	-0.549026	44.729181
325	1015.400540	54.369492	-0.374065	-0.549722	43.829215
327	1017.478392	53.856204	-0.329020	-0.550632	42.895057
329	1019.556883	53.367673	-0.303241	-0.551261	41.508389
331	1021.635490	52.897507	-0.297165	-0.551242	41.959634
333	1023.714242	52.376803	-0.262908	-0.551088	41.137403
335	1025.794103	51.912713	-0.255303	-0.550824	39.018794
337	1027.873394	51.404078	-0.230997	-0.550886	39.488697
339	1029.952752	51.021938	-0.221322	-0.550836	37.801844
341	1032.032138	50.593412	-0.196367	-0.551299	39.344869
343	1034.110956	50.083033	-0.191013	-0.551381	35.336546
345	1036.189599	49.661404	-0.159155	-0.551783	36.733964
347	1038.268121	49.304430	-0.137162	-0.551681	35.431536
349	1040.346195	48.769515	-0.115440	-0.551957	35.414522
351	1042.425658	48.329771	-0.096953	-0.552041	35.336739
353	1044.502665	47.907449	-0.099072	-0.551968	34.082308
355	1046.580484	47.528567	-0.073147	-0.551866	33.257380
357	1048.658776	47.037506	-0.050980	-0.551883	32.673826
359	1050.738012	46.500874	-0.041579	-0.552329	31.811291
361	1052.816359	46.043354	-0.022216	-0.552629	32.539255
363	1054.893808	45.522373	-0.000855	-0.553295	31.253519
365	1056.974709	45.079754	0.015154	-0.554539	31.592886
367	1059.054563	44.681478	0.033753	-0.555391	30.594519
369	1061.134034	44.265292	0.022505	-0.555848	30.446218
371	1063.213605	43.868615	0.060629	-0.556343	28.666809
373	1065.293185	43.520134	0.045621	-0.556560	28.819603
375	1067.371565	43.110666	0.085443	-0.556777	28.714537
377	1069.450887	42.627143	0.104996	-0.556953	27.712343
379	1071.528918	42.352605	0.115080	-0.556972	27.483908
381	1073.606295	41.897442	0.126374	-0.557250	27.282356
383	1075.685131	41.524229	0.163678	-0.557717	25.286722
385	1077.763895	41.102097	0.155465	-0.557924	26.094489
387	1079.840783	40.853308	0.162695	-0.558558	25.738230
389	1081.918792	40.434611	0.187733	-0.559364	24.690972
391	1083.996319	40.081577	0.179726	-0.560481	24.437872
393	1086.074075	39.739067	0.228330	-0.560895	23.804065
395	1088.154330	39.391291	0.250496	-0.560613	23.761270
397	1090.230602	39.175085	0.222338	-0.561006	22.948742
399	1092.308809	38.602624	0.206803	-0.562964	22.440214
401	1094.390308	38.288584	0.238401	-0.560381	23.207608
403	1096.469199	37.947464	0.266063	-0.559679	21.425534
405	1098.549722	37.628452	0.269581	-0.559878	21.354757
407	1100.627919	37.339579	0.310325	-0.559668	21.121457
409	1102.708004	36.850709	0.300615	-0.559092	19.440140
411	1104.786984	36.585497	0.300879	-0.559376	19.996973
413	1106.864681	36.233415	0.279337	-0.561161	20.271630
415	1108.941658	35.922719	0.286222	-0.559695	22.018357
417	1111.019900	35.581908	0.329969	-0.559769	19.609175
419	1113.098326	35.206048	0.333223	-0.559064	17.936630
421	1115.175321	34.875255	0.356008	-0.558519	18.532875
423	1117.254041	34.487889	0.371403	-0.558382	17.760240
425	1119.331719	34.170132	0.363425	-0.559097	17.721551
427	1121.410611	33.797242	0.375828	-0.559510	18.066280
429	1123.488191	33.442880	0.378890	-0.560186	17.267362
431	1125.567656	33.099980	0.401656	-0.560755	16.116708
433	1127.647556	32.816235	0.382083	-0.560953	15.637256
435	1129.724422	32.558979	0.417907	-0.562488	16.107154
437	1131.804099	32.176916	0.397967	-0.562772	15.805030
439	1133.881786	31.936084	0.416832	-0.563206	15.685352
441	1135.961909	31.538142	0.445401	-0.562326	14.945123
443	1138.040579	31.323218	0.461614	-0.564031	14.826116
445	1140.119701	31.043406	0.458190	-0.563009	14.561639
447	1142.197921	30.770981	0.469134	-0.563877	14.742028
449	1144.273239	30.487453	0.463864	-0.563743	13.411599
451	1146.353586	30.140803	0.483934	-0.563131	13.746357
453	1148.431628	30.028717	0.486535	-0.566749	13.441768
455	1150.505536	29.660875	0.489486	-0.567582	13.356206
457	1152.583732	29.457227	0.499646	-0.566801	12.754839
459	1154.661064	29.111978	0.506664	-0.567561	12.996141
