crossing time (s)	slope (V/s)	crossing number
281474976710655.000000	131.834381	188	0.000000
281474976710655.000000	Inf	189	0.000000
281474976710655.000000	128.746628	190	0.000000
281474976710655.000000	141.367859	191	0.000000
281474976710655.000000	Inf	192	0.000000
281474976710655.000000	127.982651	193	0.000000
281474976710655.000000	62.572765	194	0.000000
281474976710655.000000	118.325546	195	0.000000
281474976710655.000000	59.153286	196	0.000000
281474976710655.000000	118.598473	197	0.000000
281474976710655.000000	115.656929	198	0.000000
281474976710655.000000	62.998127	199	0.000000
281474976710655.000000	128.343735	200	0.000000
281474976710655.000000	63.416180	201	0.000000
281474976710655.000000	59.537533	202	0.000000
281474976710655.000000	Inf	203	0.000000
281474976710655.000000	117.399330	204	0.000000
281474976710655.000000	109.117165	205	0.000000
281474976710655.000000	Inf	206	0.000000
281474976710655.000000	121.421921	207	0.000000
281474976710655.000000	Inf	208	0.000000
281474976710655.000000	Inf	209	0.000000
281474976710655.000000	73.931625	210	0.000000
281474976710655.000000	108.908577	211	0.000000
281474976710655.000000	Inf	212	0.000000
281474976710655.000000	Inf	213	0.000000
281474976710655.000000	115.730835	214	0.000000
281474976710655.000000	103.511475	215	0.000000
281474976710655.000000	104.619514	216	0.000000
281474976710655.000000	113.922127	217	0.000000
281474976710655.000000	115.071770	218	0.000000
281474976710655.000000	69.667236	219	0.000000
281474976710655.000000	102.567581	220	0.000000
281474976710655.000000	106.504059	221	0.000000
281474976710655.000000	Inf	222	0.000000
281474976710655.000000	104.532242	223	0.000000
281474976710655.000000	98.603188	224	0.000000
281474976710655.000000	98.215706	225	0.000000
281474976710655.000000	Inf	226	0.000000
281474976710655.000000	95.663292	227	0.000000
281474976710655.000000	101.459267	228	0.000000
281474976710655.000000	63.683403	229	0.000000
281474976710655.000000	100.412720	230	0.000000
281474976710655.000000	100.186226	231	0.000000
281474976710655.000000	Inf	232	0.000000
281474976710655.000000	46.035263	233	0.000000
281474976710655.000000	96.225121	234	0.000000
281474976710655.000000	192.211075	235	0.000000
281474976710655.000000	85.660110	236	0.000000
281474976710655.000000	89.654610	237	0.000000
281474976710655.000000	90.991730	238	0.000000
281474976710655.000000	89.328011	239	0.000000
281474976710655.000000	169.923065	240	0.000000
281474976710655.000000	181.082260	241	0.000000
281474976710655.000000	89.202393	242	0.000000
281474976710655.000000	86.843010	243	0.000000
281474976710655.000000	84.046188	244	0.000000
281474976710655.000000	41.717403	245	0.000000
281474976710655.000000	86.036278	246	0.000000
281474976710655.000000	39.923187	247	0.000000
281474976710655.000000	85.226601	248	0.000000
281474976710655.000000	81.242279	249	0.000000
281474976710655.000000	81.998825	250	0.000000
281474976710655.000000	82.468147	251	0.000000
281474976710655.000000	82.029236	252	0.000000
281474976710655.000000	79.246437	253	0.000000
281474976710655.000000	84.203781	254	0.000000
281474976710655.000000	154.572327	255	0.000000
281474976710655.000000	77.891403	256	0.000000
281474976710655.000000	75.169754	257	0.000000
281474976710655.000000	49.243542	258	0.000000
281474976710655.000000	74.406944	259	0.000000
281474976710655.000000	153.088669	260	0.000000
281474976710655.000000	81.407547	261	0.000000
281474976710655.000000	83.224724	262	0.000000
281474976710655.000000	57.547222	263	0.000000
281474976710655.000000	75.103973	264	0.000000
281474976710655.000000	144.003738	265	0.000000
281474976710655.000000	71.973152	266	0.000000
281474976710655.000000	50.464893	267	0.000000
281474976710655.000000	74.191147	268	0.000000
281474976710655.000000	55.785866	269	0.000000
281474976710655.000000	48.726765	270	0.000000
281474976710655.000000	47.906090	271	0.000000
281474976710655.000000	46.012962	272	0.000000
281474976710655.000000	44.969608	273	0.000000
281474976710655.000000	139.647644	274	0.000000
281474976710655.000000	66.202919	275	0.000000
281474976710655.000000	70.182205	276	0.000000
281474976710655.000000	67.045685	277	0.000000
281474976710655.000000	67.234474	278	0.000000
281474976710655.000000	63.763874	279	0.000000
281474976710655.000000	59.273506	280	0.000000
281474976710655.000000	62.548355	281	0.000000
281474976710655.000000	48.670715	282	0.000000
281474976710655.000000	40.368408	283	0.000000
281474976710655.000000	60.690952	284	0.000000
281474976710655.000000	44.413246	285	0.000000
281474976710655.000000	44.280163	286	0.000000
281474976710655.000000	61.112358	287	0.000000
281474976710655.000000	41.853989	288	0.000000
281474976710655.000000	61.052933	289	0.000000
281474976710655.000000	66.119553	290	0.000000
281474976710655.000000	59.468864	291	0.000000
281474976710655.000000	83.213371	292	0.000000
281474976710655.000000	61.177544	293	0.000000
281474976710655.000000	58.859150	294	0.000000
281474976710655.000000	55.651844	295	0.000000
281474976710655.000000	92.168434	296	0.000000
281474976710655.000000	58.739292	297	0.000000
281474976710655.000000	82.185860	298	0.000000
281474976710655.000000	43.429661	299	0.000000
281474976710655.000000	35.450508	300	0.000000
281474976710655.000000	87.727119	301	0.000000
281474976710655.000000	42.746441	302	0.000000
281474976710655.000000	53.208755	303	0.000000
281474976710655.000000	52.175980	304	0.000000
281474976710655.000000	86.804939	305	0.000000
281474976710655.000000	35.769997	306	0.000000
281474976710655.000000	51.210384	307	0.000000
281474976710655.000000	72.717125	308	0.000000
281474976710655.000000	50.804184	309	0.000000
281474976710655.000000	41.797905	310	0.000000
281474976710655.000000	39.229092	311	0.000000
281474976710655.000000	42.172245	312	0.000000
281474976710655.000000	68.738777	313	0.000000
281474976710655.000000	48.366940	314	0.000000
281474976710655.000000	49.112980	315	0.000000
281474976710655.000000	40.854828	316	0.000000
281474976710655.000000	46.213871	317	0.000000
281474976710655.000000	41.398426	318	0.000000
281474976710655.000000	42.639252	319	0.000000
281474976710655.000000	43.941528	320	0.000000
281474976710655.000000	40.471752	321	0.000000
281474976710655.000000	42.663166	322	0.000000
281474976710655.000000	42.827763	323	0.000000
281474976710655.000000	45.676456	324	0.000000
281474976710655.000000	56.041550	325	0.000000
281474976710655.000000	45.257732	326	0.000000
281474976710655.000000	50.538063	327	0.000000
281474976710655.000000	41.761307	328	0.000000
281474976710655.000000	49.088230	329	0.000000
281474976710655.000000	35.460419	330	0.000000
281474976710655.000000	35.537697	331	0.000000
281474976710655.000000	35.242950	332	0.000000
281474976710655.000000	37.004768	333	0.000000
281474976710655.000000	36.682983	334	0.000000
281474976710655.000000	34.285439	335	0.000000
281474976710655.000000	50.788548	336	0.000000
281474976710655.000000	33.289276	337	0.000000
281474976710655.000000	37.218582	338	0.000000
281474976710655.000000	38.046783	339	0.000000
281474976710655.000000	31.630266	340	0.000000
281474976710655.000000	29.811678	341	0.000000
281474976710655.000000	47.542999	342	0.000000
281474976710655.000000	37.607826	343	0.000000
281474976710655.000000	51.633686	344	0.000000
281474976710655.000000	33.407249	345	0.000000
281474976710655.000000	45.115051	346	0.000000
281474976710655.000000	34.337048	347	0.000000
281474976710655.000000	30.657705	348	0.000000
281474976710655.000000	31.602285	349	0.000000
281474976710655.000000	36.956581	350	0.000000
281474976710655.000000	30.013138	351	0.000000
281474976710655.000000	38.167259	352	0.000000
281474976710655.000000	37.369297	353	0.000000
281474976710655.000000	30.779640	354	0.000000
281474976710655.000000	28.942587	355	0.000000
281474976710655.000000	35.200043	356	0.000000
281474976710655.000000	30.628792	357	0.000000
281474976710655.000000	32.894890	358	0.000000
281474976710655.000000	31.347591	359	0.000000
281474976710655.000000	32.642727	360	0.000000
281474976710655.000000	28.603868	361	0.000000
281474976710655.000000	32.257908	362	0.000000
281474976710655.000000	27.902565	363	0.000000
281474976710655.000000	31.760910	364	0.000000
281474976710655.000000	31.582457	365	0.000000
281474976710655.000000	30.259935	366	0.000000
281474976710655.000000	27.248175	367	0.000000
281474976710655.000000	28.435799	368	0.000000
281474976710655.000000	31.201101	369	0.000000
281474976710655.000000	26.414530	370	0.000000
281474976710655.000000	26.143314	371	0.000000
281474976710655.000000	31.690331	372	0.000000
281474976710655.000000	26.138544	373	0.000000
281474976710655.000000	25.223444	374	0.000000
281474976710655.000000	26.019119	375	0.000000
281474976710655.000000	29.172747	376	0.000000
281474976710655.000000	26.376068	377	0.000000
281474976710655.000000	28.379221	378	0.000000
281474976710655.000000	26.720963	379	0.000000
281474976710655.000000	23.549639	380	0.000000
281474976710655.000000	25.599701	381	0.000000
281474976710655.000000	26.500439	382	0.000000
281474976710655.000000	27.271593	383	0.000000
281474976710655.000000	26.660395	384	0.000000
281474976710655.000000	24.848446	385	0.000000
281474976710655.000000	25.838995	386	0.000000
281474976710655.000000	24.362953	387	0.000000
281474976710655.000000	23.870790	388	0.000000
281474976710655.000000	21.826572	389	0.000000
281474976710655.000000	23.371174	390	0.000000
281474976710655.000000	25.062187	391	0.000000
281474976710655.000000	24.370314	392	0.000000
281474976710655.000000	25.987774	393	0.000000
281474976710655.000000	23.982183	394	0.000000
281474976710655.000000	25.951202	395	0.000000
281474976710655.000000	21.047892	396	0.000000
281474976710655.000000	24.356571	397	0.000000
281474976710655.000000	24.266972	398	0.000000
281474976710655.000000	22.357742	399	0.000000
281474976710655.000000	24.900017	400	0.000000
281474976710655.000000	21.964325	401	0.000000
281474976710655.000000	21.124939	402	0.000000
281474976710655.000000	21.757170	403	0.000000
281474976710655.000000	21.531412	404	0.000000
281474976710655.000000	20.912518	405	0.000000
281474976710655.000000	19.976612	406	0.000000
281474976710655.000000	20.050299	407	0.000000
281474976710655.000000	20.535196	408	0.000000
281474976710655.000000	20.259699	409	0.000000
281474976710655.000000	20.807590	410	0.000000
281474976710655.000000	20.174078	411	0.000000
281474976710655.000000	20.969578	412	0.000000
281474976710655.000000	22.589294	413	0.000000
281474976710655.000000	20.329121	414	0.000000
281474976710655.000000	18.478369	415	0.000000
281474976710655.000000	18.756998	416	0.000000
281474976710655.000000	17.969782	417	0.000000
281474976710655.000000	17.928205	418	0.000000
281474976710655.000000	19.057034	419	0.000000
281474976710655.000000	18.263018	420	0.000000
281474976710655.000000	18.056425	421	0.000000
281474976710655.000000	18.191113	422	0.000000
281474976710655.000000	17.683334	423	0.000000
281474976710655.000000	17.492870	424	0.000000
281474976710655.000000	17.595270	425	0.000000
281474976710655.000000	17.381908	426	0.000000
281474976710655.000000	16.969370	427	0.000000
281474976710655.000000	16.408638	428	0.000000
281474976710655.000000	15.876853	429	0.000000
281474976710655.000000	16.654388	430	0.000000
281474976710655.000000	15.854946	431	0.000000
281474976710655.000000	16.399065	432	0.000000
281474976710655.000000	16.148375	433	0.000000
281474976710655.000000	16.555416	434	0.000000
281474976710655.000000	16.280317	435	0.000000
281474976710655.000000	15.648908	436	0.000000
281474976710655.000000	15.066000	437	0.000000
281474976710655.000000	15.604260	438	0.000000
281474976710655.000000	15.166033	439	0.000000
281474976710655.000000	15.142321	440	0.000000
281474976710655.000000	14.836826	441	0.000000
281474976710655.000000	14.316677	442	0.000000
281474976710655.000000	14.581205	443	0.000000
281474976710655.000000	14.541183	444	0.000000
281474976710655.000000	14.793391	445	0.000000
281474976710655.000000	14.516282	446	0.000000
281474976710655.000000	13.382251	447	0.000000
281474976710655.000000	12.877044	448	0.000000
281474976710655.000000	13.793386	449	0.000000
281474976710655.000000	13.887567	450	0.000000
281474976710655.000000	13.031588	451	0.000000
281474976710655.000000	13.660089	452	0.000000
281474976710655.000000	13.067478	453	0.000000
281474976710655.000000	13.281977	454	0.000000
281474976710655.000000	12.491906	455	0.000000
281474976710655.000000	13.257990	456	0.000000
281474976710655.000000	12.986118	457	0.000000
281474976710655.000000	12.684124	458	0.000000
281474976710655.000000	12.473986	459	0.000000
281474976710655.000000	12.591054	460	0.000000
281474976710655.000000	12.089443	461	0.000000
