crossing time (s)	slope (V/s)	crossing number
281474976710655.000000	143.325638	1445	0.000000
281474976710655.000000	Inf	1446	0.000000
281474976710655.000000	128.988861	1447	0.000000
281474976710655.000000	137.416702	1448	0.000000
281474976710655.000000	113.829552	1449	0.000000
281474976710655.000000	108.222000	1450	0.000000
281474976710655.000000	Inf	1451	0.000000
281474976710655.000000	Inf	1452	0.000000
281474976710655.000000	55.536026	1453	0.000000
281474976710655.000000	115.530510	1454	0.000000
281474976710655.000000	Inf	1455	0.000000
